snid delta delta_err beta0 beta0_err
simSN_0 40.67947190382988 0.4793581404558959 0.488861010320634 0.004639454767433895
simSN_1 40.4094015670582 0.2058718245500033 0.5000166424508261 0.0028196665408475475
simSN_10 39.46959946289634 0.572757333715896 0.5018675546158377 0.0048395412520957
simSN_100 40.151719181224465 0.11271780559627488 0.5010090212045135 0.0014107130750300875
simSN_101 41.27911655359773 0.6714141460865661 0.5017023685143195 0.008241594200611248
simSN_102 41.48750636727851 1.0698381680517408 0.49691957158470984 0.011273810680420632
simSN_103 40.77952747555886 0.7098874853389735 0.5070862167240363 0.00877484111752111
simSN_104 40.105091874221124 0.1282354091483811 0.49919423301228977 0.001872422258840149
simSN_105 40.28859195855001 0.40850357542504995 0.4953471610871417 0.004546139755064741
simSN_106 41.184087002418494 1.24127191017452 0.5081476452640078 0.01472512338317336
simSN_107 39.38953759433606 0.7582188993153344 0.49804280474873547 0.0073000884158952025
simSN_108 40.04403618971141 0.10247818186568415 0.49827644270148 0.0014026179423035105
simSN_109 40.9150704534349 0.2974872289484501 0.5019538386288052 0.003948082442081543
simSN_11 40.1210606719444 0.4434716931058062 0.5027522415166242 0.007003230110013469
simSN_110 40.5865872806495 0.38261849749126814 0.4951176204462059 0.004773974176176054
simSN_111 40.347362404581084 0.37145102397409346 0.5006404993201063 0.0050159832329025635
simSN_112 40.064846231457196 0.20107831609781576 0.5024402867290572 0.0026218269834286027
simSN_113 40.18349312209484 0.8627559201405214 0.49171056317183065 0.008113791311217958
simSN_114 40.16377982584317 0.30623816713201285 0.4991187421680837 0.00425774644179256
simSN_115 40.58924969771292 0.5169823563297354 0.49784972826942536 0.005412986939956929
simSN_116 40.03905502553282 0.13592776398631365 0.5005051931769274 0.002082045094778991
simSN_117 39.36710768656207 0.5399899298464782 0.5047987691746778 0.005112140643666762
simSN_118 43.698451801579814 1.7678071528028498 0.47467464781607777 0.019374567853458747
simSN_119 40.12867960441576 0.07716786164673828 0.4994337894898875 0.0015269546306000577
simSN_12 40.29090266110424 0.4095581376590745 0.5003951796435816 0.004989388032525842
simSN_120 41.59572759942025 0.6470924237027256 0.5020694944833942 0.007983473453563322
simSN_121 40.76660766702542 0.44788035229600753 0.4914345949249609 0.005573435731946705
simSN_122 44.271964093212944 2.483621754010918 0.4557177276076426 0.019521335725362295
simSN_123 40.21771520762443 0.5112828154292427 0.49690050049690315 0.00578910920079745
simSN_124 40.21192051731389 0.18449317465939202 0.5000816387022708 0.0025852553038913807
simSN_125 40.23737367319032 0.23906650278238248 0.5041985971726821 0.00312921989967584
simSN_126 40.77095746852742 0.3306967535694632 0.5011557083334082 0.004549463094488857
simSN_127 41.77999341317179 0.8160822665476317 0.48569537050686573 0.00917832432235151
simSN_128 40.632825105884926 0.7560594298478789 0.486570355141185 0.00801953644218058
simSN_129 39.953303561928195 0.2111203247870663 0.49554163643587307 0.0022541981252568438
simSN_13 39.98438323047946 0.16643730990491903 0.49734453675936197 0.002330170780774473
simSN_130 41.119399913970646 1.3964065843791036 0.5010597624082326 0.013730105555899737
simSN_131 40.68897920915951 0.4011463738003856 0.49962771727641014 0.004607521180717469
simSN_132 40.84770723729373 0.39083736737504676 0.4953760862319822 0.004106435665708894
simSN_133 40.89315123805889 0.5559078976569211 0.5043317619220112 0.005823601655437309
simSN_134 40.29781016322416 0.29796722825268995 0.5016393626270226 0.0035721240169153024
simSN_135 39.60786530693323 0.3521778332285813 0.4975349381833491 0.0036310889681285467
simSN_136 39.99344324112168 0.3916581714672333 0.5005206567822994 0.003935498579863336
simSN_137 41.809880268491646 1.3515673418376857 0.4749671650239681 0.013627204710820974
simSN_138 39.9412613435288 0.2198530495681554 0.4971847081389113 0.002901132174811453
simSN_139 40.24154141335338 0.6587604376876429 0.48613435304981095 0.006579017349466782
simSN_14 40.388111608431366 0.3537747026348226 0.4950884587954282 0.0038232507450193247
simSN_140 40.58279621723289 0.3518013722674064 0.4946728257824066 0.0046802103827131465
simSN_141 44.22850577752018 1.9103911812885257 0.49136153625912604 0.015320539723904847
simSN_142 40.924763732581326 0.8578454563532351 0.5021282819419455 0.011780425039720132
simSN_143 40.932000657840945 0.43146869389719655 0.49467868918132085 0.0046918820742378586
simSN_144 39.99504314925046 0.4390733752252026 0.49632252176838426 0.0045655568619049364
simSN_145 41.68952672622147 1.6248051774235448 0.49563270855563885 0.0177353203219992
simSN_146 44.52738525046308 2.0502467948532 0.5010561296045877 0.016278912704224564
simSN_147 40.936086083532416 0.6100633655792098 0.5003503493568949 0.00718502790894082
simSN_148 41.186869475074246 0.5788421489735842 0.4864252766834308 0.00775493763809216
simSN_149 40.337141628484844 0.8048332079183234 0.4868390618835568 0.008129793329287986
simSN_15 39.03787600403443 3.388294728540591 0.5046234544133343 0.030681464288210437
simSN_150 40.95095764784624 1.0640045339688498 0.5116791648212532 0.012267762457697392
simSN_151 39.93836425673406 0.6332445623508712 0.5020827276862423 0.00900914057495357
simSN_152 41.596222486631405 1.1707338146556618 0.48740714518063166 0.011781411544221753
simSN_153 41.30054906469898 1.696015776697628 0.49243166347597295 0.015897820967220283
simSN_154 40.62050374724754 0.7638945905863745 0.4963533125720412 0.00915852522426797
simSN_155 41.36344417857735 0.5529087517624423 0.49458433911571975 0.006474922236760344
simSN_156 40.34237354870354 0.3121644820789173 0.5012231252551279 0.004975736674859801
simSN_157 40.34532813196124 0.8195469977089197 0.5011853290964339 0.007002746878530743
simSN_158 39.85812942178093 0.6090038778089091 0.5000828552272715 0.007565770473491588
simSN_159 41.75215485630378 0.7879457447356183 0.4939341768411769 0.007983551110083744
simSN_16 40.466450535429544 0.90007831340955 0.5004814320332953 0.009279816786298916
simSN_160 40.51701071328164 0.23479147048014418 0.4943563720424905 0.002520141447446409
simSN_161 44.377108488470995 1.4143062079483681 0.4954168540809247 0.013248079462246053
simSN_162 40.206530888302694 0.24458085295736937 0.4978471089224703 0.004133904896260982
simSN_163 38.75477328716924 1.5915487619168045 0.4889761530247358 0.01600252294651979
simSN_164 41.03335116793429 0.916798579266783 0.4870077654851584 0.008310993894640857
simSN_165 40.011258236620925 0.2984401720821371 0.49535507456779143 0.00411038085141226
simSN_166 40.30984993641073 0.40342734980501854 0.5054606248354634 0.0041083228116675415
simSN_167 39.85267577252279 0.49243503425705004 0.5038802633234328 0.005778342270020573
simSN_168 40.25821328778766 0.43029897476087936 0.502655780977345 0.005489946229984284
simSN_169 39.94933564697024 0.28149001354453834 0.5022996496028339 0.0028916631511224744
simSN_17 40.153980084312195 0.6956395639939829 0.4987044985259119 0.007812949349806541
simSN_170 40.574548108488685 0.813467923465651 0.5002435024356674 0.008306458574722132
simSN_171 39.948839472831374 0.2733414709740594 0.4967843391229404 0.0036413690268946534
simSN_172 40.51942987763607 0.4473164357533198 0.49652478372918174 0.004742577629238707
simSN_173 41.49321127636416 0.7912437231848892 0.4902210233671799 0.006643406555162933
simSN_174 41.0770262378379 1.170393556657273 0.5369448303099188 0.012835267633379313
simSN_175 40.323657381399386 0.14080720437798408 0.49664906339579035 0.002113691965298836
simSN_176 41.03543036157646 0.5917596802724197 0.49781796684445656 0.004487909534152441
simSN_177 42.63559822620227 1.096540225172399 0.4785788673165468 0.012300282464609675
simSN_178 40.13419720219135 0.11247705914476425 0.49936125616711574 0.0013497087552643524
simSN_179 40.81372994662122 0.7472075864930446 0.4913607983132715 0.0069323732137052665
simSN_18 40.6062438638598 0.8098124883810665 0.486395573335853 0.008849333258862918
simSN_180 39.78355077576096 1.1158149738641463 0.49552900746335166 0.011133640341086385
simSN_181 40.50228164528728 0.8117536864793237 0.5056957937397069 0.011112729336019565
simSN_182 41.788106844435454 0.6677407513470274 0.48048293902813316 0.007787291440915502
simSN_183 40.16473513227753 0.13496570354589724 0.5005285332882279 0.0020756562569940297
simSN_184 39.777564910368305 0.14003285090344328 0.5005326716644667 0.0017700944158430937
simSN_185 40.759545117963505 0.6571085610872888 0.4955062429624583 0.006574572100177679
simSN_186 41.761791007430304 1.1179464649458388 0.49763149017707103 0.012290819834461224
simSN_187 41.58334808029425 0.6101397326929882 0.493822102038738 0.00843707865800792
simSN_188 39.96955420167836 0.16072146558841882 0.49950799764487414 0.0018754393937539164
simSN_189 41.41470499098142 0.6058662600904959 0.5004558974366998 0.008260128574060215
simSN_19 40.259010087485045 0.1711818592210683 0.4953927639551413 0.0023272467828152595
simSN_190 40.8555050100867 0.2793083006921952 0.4977836483597008 0.0030977892803303636
simSN_191 40.83612223918675 0.5815530918750452 0.49167706961211655 0.007131428378250833
simSN_192 40.6922179518498 0.5312776423248162 0.49370096319383455 0.004919609642861199
simSN_193 40.52577069464983 0.1854376680127872 0.4997708114075296 0.002866287944990592
simSN_194 39.820843313559166 0.5830466097591915 0.49413760624113945 0.005579733492492147
simSN_195 41.45827599130843 1.3898018922045035 0.4754102634477625 0.012774147796522214
simSN_196 40.65454942825891 0.29880344305200846 0.5027306708748946 0.003646941971929175
simSN_197 40.66698961773908 0.4490052671946684 0.5007221122880289 0.005128131920854792
simSN_198 39.69593947845304 0.11894507434556352 0.4957343838034838 0.0017598129181440718
simSN_199 41.13250484485141 0.844693659646246 0.4944954593968665 0.00868385820864285
simSN_2 40.13055428001856 0.665381324782435 0.4840029898930258 0.006464473008903626
simSN_20 41.81112017877345 0.8259497291349985 0.5002383569960555 0.00972239813923955
simSN_21 40.16605763334384 0.1507074982759791 0.5018494247266998 0.0016828256234586868
simSN_22 42.30778867150865 1.6497771079357941 0.4916569376890602 0.013898317227279975
simSN_23 40.80730612655231 0.7287808155142891 0.48396902425941307 0.0079894445495623
simSN_24 39.91776393030407 0.6912380029525635 0.48648144674028415 0.008092172661885746
simSN_25 40.41435514740002 0.4130997414094649 0.49482067573550736 0.005433220297026047
simSN_26 41.250323184861145 0.7601147755462365 0.49258865729925305 0.007913661877374573
simSN_27 39.89630019381917 0.23671084676099038 0.5022470378168318 0.002998096207208663
simSN_28 40.10560710281186 0.19698801884702152 0.5008929010104572 0.002526288740323225
simSN_29 40.182049343607645 0.30620481120604726 0.49454658882637015 0.0036668870783766088
simSN_3 40.29462300563098 0.40325813841309227 0.49862444043128545 0.004234708516078428
simSN_30 40.15810030861866 0.31112670063013975 0.494738124289944 0.0046314357737100905
simSN_31 40.84174746506069 0.4150779773632497 0.49985722901123475 0.005201484904067651
simSN_32 40.0001179099061 0.11185378041369169 0.4981924700461996 0.0016359616567583385
simSN_33 41.45878157385667 0.5355410745497126 0.4928516258588669 0.0055600432600728025
simSN_34 40.94985042408447 1.2334339410710857 0.49134279657763374 0.012151393718070622
simSN_35 42.018318035820265 1.0890384235612904 0.4966864155276962 0.009758824956049066
simSN_36 40.997414225966246 0.615685602210957 0.4856136557477606 0.006825983429911516
simSN_37 40.53257845037266 0.8437573632112931 0.49037375406457223 0.009622205768656637
simSN_38 40.958523589830186 0.3648690127525909 0.4981861388694392 0.004090689621110384
simSN_39 39.931716724975466 0.3381002731634408 0.5002157397061352 0.0057938932678779104
simSN_4 40.106892658096385 0.31567217384478446 0.5074855382080871 0.004280066617270846
simSN_40 42.08190470817007 0.7173039490787552 0.4944639356797957 0.007272293580610185
simSN_41 40.10131760770605 0.1746332916731473 0.4974870067871549 0.0022025520105037276
simSN_42 40.981675866514735 0.9703894345066357 0.5011001505190148 0.010475929539731985
simSN_43 39.356303886091 0.5560623236499309 0.5060806547627392 0.005847557433815516
simSN_44 40.76270994504285 1.2856763436259677 0.5020606067437225 0.013780424787970959
simSN_45 40.93493472684905 0.5289418878803569 0.4965395379695804 0.005408823893272101
simSN_46 39.37896628216595 0.5467526845033945 0.5041322147420909 0.0063538147709337614
simSN_47 40.4267386406653 0.4653800406636122 0.4878390542518412 0.0050850765911030745
simSN_48 42.01637601280189 1.5333775144881225 0.5064997765213067 0.018513033151673557
simSN_49 39.94497224001734 0.34389934122318433 0.5026670751745588 0.004399764307597925
simSN_5 39.85597178847131 0.7408456727466354 0.5071999895881151 0.0073461304849623725
simSN_50 40.80685966333748 0.4223928613022774 0.501692924834471 0.006021863582196083
simSN_51 40.35391464203026 0.44912249475188226 0.501596157480139 0.006178787651309783
simSN_52 40.200420133296724 0.19607521026202449 0.5001716881955701 0.002220884781093191
simSN_53 40.35989986543977 0.22902153222720797 0.4978468114980217 0.002755579294035433
simSN_54 39.45409658968554 0.84780131794183 0.5037406336756007 0.007768730852264942
simSN_55 40.71394161430948 0.27565317437731995 0.4980457538290376 0.003393497225648114
simSN_56 44.31544117596254 1.7824626457485266 0.4732262631539869 0.015197931377511029
simSN_57 39.92184896279946 0.06306954354477744 0.5005684095085354 0.0007475322723191519
simSN_58 40.34766974104173 0.29296791085390766 0.49434643101587883 0.0038695392850679345
simSN_59 40.46125019392417 0.39558818902156984 0.4942800600212109 0.004416148551843602
simSN_6 41.21412789138432 0.7384838431616609 0.5091268413579565 0.008581405174061791
simSN_60 40.67758619231128 0.20607664760861602 0.4944630084023144 0.0023354407745915092
simSN_61 43.21222206260805 1.0447978972319734 0.4894223473215116 0.010780108305562162
simSN_62 41.042978744599026 0.7281748781742445 0.4993222026315678 0.007148453398685468
simSN_63 39.26633792694413 0.6564389889670426 0.48708673215120035 0.0075033707810777195
simSN_64 40.35322591975546 0.26585498260528523 0.4941242245558541 0.003939954808487115
simSN_65 40.741698784747406 1.0852142641704319 0.4938661372864556 0.01055521237112058
simSN_66 40.5047085511424 0.2868658692237016 0.4954928219883731 0.003152431767213707
simSN_67 40.808506259880986 0.8325802367717093 0.49635917433108356 0.00788075412710321
simSN_68 40.564661060732334 0.7061518612216569 0.4900067908013801 0.007620909290306216
simSN_69 40.12545075002008 0.09148076530688225 0.5003276712366229 0.0014725751965749372
simSN_7 39.717862941310344 0.38257337719023987 0.500820534686769 0.0038916339413057207
simSN_70 41.58269265133098 0.9462040041261744 0.5087320006080419 0.010080621102240511
simSN_71 40.33055335862815 0.5221536554883772 0.4951660621034493 0.005434914503622543
simSN_72 40.00971533558209 0.08034462864728896 0.4993560144294082 0.0011693707119541721
simSN_73 38.419712444956836 0.8189581906340689 0.49966239042735006 0.010034395812000125
simSN_74 41.08649236685655 0.6861304389616829 0.503713416804913 0.0060438701394581
simSN_75 40.2118772810719 0.3289865600964915 0.49681848643633536 0.0029767626011371075
simSN_76 40.47791190949174 0.3880427069100007 0.4957877825682875 0.004502689716960898
simSN_77 38.6381230541447 1.1353385931294038 0.49537454745935733 0.011995502730749015
simSN_78 38.83494145050565 1.3248491159712692 0.49018723616951015 0.011381378597191254
simSN_79 39.74192985853206 0.5388980960563311 0.5003152790950035 0.005449049611606968
simSN_8 39.773040439854576 0.49591974951987206 0.4904467250435327 0.006811278134110739
simSN_80 42.09646040216304 1.8676947692231018 0.5024800945295931 0.016708238064252905
simSN_81 40.08443085867378 0.14868879195658177 0.5021271997858959 0.001974168398315428
simSN_82 40.39479342454736 0.2877428101040156 0.5015510354970404 0.0036798181940047164
simSN_83 39.454876405418155 0.9829779556698525 0.5141090172490783 0.011095788432603792
simSN_84 39.93540650705411 0.13193180645192173 0.49900614765168005 0.0018985877400099272
simSN_85 40.41990377929399 0.1845636763355449 0.4984605154888142 0.0024743219472510678
simSN_86 40.32073774307698 0.17395844323570978 0.49817799777295996 0.002412187396843573
simSN_87 40.79296428055965 0.540958371977052 0.507539528444935 0.0063867796045799004
simSN_88 40.00216251510294 0.14015520597881442 0.5021879015234098 0.0018188019788731129
simSN_89 39.948504025915106 0.3610044445393492 0.49626265524870283 0.0036739648749584027
simSN_9 40.07742312624638 0.263350511241687 0.5028809847238275 0.0039138142021754585
simSN_90 40.86786207446992 0.24613763219670395 0.5033764517493908 0.0027956898831051707
simSN_91 42.426246743472504 0.6526536422956106 0.4956341568718094 0.008141855149417144
simSN_92 40.095091197687374 0.20228000374424826 0.4947042542156492 0.002572567574274955
simSN_93 40.960242130215164 1.339258118852615 0.5055967118934434 0.010645043150946741
simSN_94 39.960934059537635 0.6002172466311679 0.4966760840136985 0.005988472534079688
simSN_95 40.071395492540745 0.9946392552086463 0.4881212036018751 0.01348083781383659
simSN_96 40.039364503575555 0.15509422962534739 0.4963837275827407 0.002621814053855767
simSN_97 40.50752605244898 1.2101672473577172 0.4897786972162061 0.010906345390264438
simSN_98 40.97641167393823 0.4378540138660362 0.49113012883597496 0.004607200349666291
simSN_99 40.46193110768882 0.2336428690403569 0.5003196723790995 0.003309774269494537
